#
# Created with:
# jq '.[]|.alert.signature_id' samples/first-org-conf-2015/alerts-only.json > samples/first-org-conf-2015/ids-list.txt
#

# For allocation information
# https://doc.emergingthreats.net/bin/view/Main/SidAllocation

2001219
2001595
2001743
2002157
2002664
2002823
2003311
2003466
2006402
2006445
2006446
2008570
2009361
2009362
2009714
2009715
2009897
2010766
2010794
2010819
2010920
2010963
2011037
2011042
2011141
2011142
2011143
2011227
2011465
2011768
2012059
2012230
2012647
2012648
2012810
2013001
2013028
2013031
2013115
2013414
2013473
2013504
2013505
2014047
2014122
2014137
2014169
2015023
2016097
2016184
2016222
2016683
2016778
2016977
2016978
2016979
2016980
2016981
2016982
2016983
2017436
2017616
2017694
2018056
2018232
2018582
2018959
2019232
2019239
2019284
2019285
2019308
2019309
2019310
2019416
2019526
2019804
2020102
2020565
2020644
2020841
2020865
2020975
2021251
2021786
2022028
2024379
2024930
2025019
2025644
2100230
2100498
2100987
2100993
2101013
2101016
2101018
2101055
2101108
2101129
2101145
2101201
2101242
2101243
2101244
2101245
2101256
2101402
2101403
2101487
2101874
2101877
2101979
2102061
2102156
2221001
2221002
2221005
2221010
2221013
2221014
2221015
2221021
2221027
2221028
2221029
2221030
2221031
2221033
2230003
2230010
2230015
2240001
2403365
2403390
2403399
