#
# Created with:
# jq '.[]|.alert.signature_id' samples/wrccdc-2018/alerts-only.json > samples/wrccdc-2018/ids-list.txt
#

# For allocation information
# https://doc.emergingthreats.net/bin/view/Main/SidAllocation

2001219
2001569
2001579
2001580
2001581
2001582
2001583
2002023
2002024
2002027
2002402
2003068
2003469
2006380
2008705
2008715
2008975
2008986
2009475
2010493
2010645
2011227
2012522
2012690
2012692
2012843
2012886
2012887
2012888
2013028
2013030
2013031
2013263
2013414
2013504
2013505
2014169
2014726
2014939
2015856
2016183
2016184
2016778
2016841
2016879
2017025
2017259
2017615
2017616
2017919
2017969
2018090
2018131
2018372
2018373
2018377
2018389
2018392
2018789
2018959
2019020
2019102
2019232
2019239
2019240
2019335
2019415
2019422
2019423
2019512
2019922
2020661
2020716
2020899
2020912
2022028
2022114
2022115
2022896
2024121
2024194
2024216
2024217
2024218
2024297
2024335
2024336
2024364
2024379
2024449
2024663
2024675
2024786
2025330
2025331
2025535
2025536
2025537
2025649
2025650
2025699
2025700
2025701
2025705
2025707
2025709
2025711
2025712
2025713
2025714
2025719
2025720
2025721
2025722
2025723
2025724
2025726
2025992
2026102
2100498
2220000
2220004
2220005
2220006
2220007
2220008
2220018
2221002
2221003
2221005
2221007
2221010
2221013
2221014
2221015
2221018
2221022
2221027
2221028
2221029
2221030
2221033
2230000
2230003
2230007
2230009
2230010
2230012
2230015
2230018
2240001
2240003
2240005
2240006
2404160
2520098
2520132
2522098
2522132
2522180
2522228
2522238
2522242
2522280
2522284
2522296
2522308
2522358
2522392
2522442
2522444
2522450
2522470
2522480
2522498
2522508
2522514
2522530
2522536
2522540
2522544
2522546
2522568
2522576
2522670
2522674
2522676
2522706
2522864
2522958
2522968
2522984
2522992
2523000
2523006
2523016
2523104
2523158
2523186
2523220
2523230
2523258
2523260
2523264
2523266
2523276
2523330
