#
# Created with:
# jq '.[]|.alert.signature_id' samples/wrccdc-2017/alerts-only.json > samples/wrccdc-2017/ids-list.txt
#

2000355
2001239
2001240
2001569
2001579
2001580
2001581
2001582
2001583
2002023
2002024
2002025
2002026
2002327
2002334
2003068
2006380
2007994
2008119
2008581
2008583
2008585
2008986
2009475
2010493
2010645
2011507
2011699
2012041
2012043
2012059
2012263
2012266
2012269
2012522
2012648
2012843
2012886
2012887
2012888
2013028
2013030
2013031
2013263
2013504
2013505
2013721
2013926
2014297
2014726
2014799
2014932
2014939
2014941
2015856
2016182
2016184
2016778
2017025
2017919
2018131
2018170
2018372
2018373
2018377
2018378
2018388
2018389
2018572
2018789
2018959
2019091
2019102
2019232
2019236
2019239
2019335
2019415
2019512
2019714
2020475
2020565
2020912
2021060
2021178
2022028
2022114
2022520
2022896
2022973
2024196
2024364
2024379
2024535
2025061
2025062
2025521
2025522
2025699
2025701
2025705
2025707
2025709
2025713
2025714
2025719
2025720
2025722
2100230
2100232
2100498
2100877
2220000
2220004
2220006
2220007
2220008
2221001
2221002
2221003
2221004
2221005
2221007
2221009
2221010
2221013
2221014
2221015
2221017
2221020
2221021
2221022
2221027
2221028
2221030
2221033
2230002
2230003
2230004
2230007
2230009
2230010
2230012
2230015
2230018
2230019
2240001
2240003
2240005
2403343
2404500
2500016
2522254
2522308
2522540
2522568
2522654
2523036
2523188
2523228
2523366
